extr_qddot_tran = 9.945169827818612
extr_qddot_rot = 833.9826944026114